[geometry]
nx = 512
ny = 512
nz = 16
dx_mm = 0.6015625
dy_mm = 0.6015625
dz_mm = 0.7070000172
nview = 1440
nu = 448
nv = 16
dsd_mm = 596.0
dso_mm = 366.0
du_mm = 1.14499998812459
dv_mm = 0.7070000172
off_u = 4.039993299999992

